1
1
15
1
22
1
36
1
43
1
53
1
64
1
71
1
85
1
92
1
106
1
1
8
8
8
15
8
22
8
36
8
43
8
64
8
71
8
85
8
92
8
99
8
106
8
1
15
8
15
15
15
22
15
36
15
43
15
64
15
71
15
85
15
92
15
99
15
106
15
1
22
8
22
15
22
22
22
36
22
43
22
52
22
64
22
71
22
85
22
92
22
99
22
106
22
1
29
8
29
15
29
22
29
36
29
43
29
64
29
71
29
85
29
92
29
99
29
106
29
1
36
8
36
15
36
22
36
36
36
43
36
64
36
71
36
85
36
99
36
106
36
1
43
8
43
15
43
22
43
36
43
43
43
64
43
71
43
85
43
92
43
99
43
106
43
1
50
15
50
22
50
36
50
43
50
53
50
64
50
71
50
85
50
92
50
106
50